EVAL: rulen
55
0.14377594124445842
['rulen', 1.0]
['grail', 0.5607945657178559]
MODEL: grail	 EVAL: nbf	 P: 0.912346795970693
['nbf', 0.550736517581498]
['r+g', 0.8335297899357099]
['r+n', 0.8058278867403179]
['g+n', 0.48138792122427504]
[[148, 47, 83, 128, 102, 101, 107, 33, 9, 59, 68, 20, 27, 72, 141, 57, 21, 100, 62], [109, 120, 114, 88, 42, 118, 132, 139, 98, 136, 90, 119, 6, 74, 121, 3, 130, 84], [32, 79, 55, 85, 145, 13, 135, 126, 111, 70, 80, 14, 138, 142, 30, 16, 82, 40]]
0.2765160723255027
[0.2765160723255027, 0.7368421052631579, 0.6842105263157895, 0.9473684210526315, 0.8947368421052632, 0.5263157894736842, 0.2765160723255027, 0.6036789849894988, 0.547873863841357, 0.8127351776184508, 0.8300386528015605, 0.4861595493708784]
0.11522848169353545
[0.11522848169353545, 0.5, 0.6111111111111112, 0.8333333333333334, 0.7777777777777778, 0.5, 0.11522848169353545, 0.42328467876115855, 0.5687075291760516, 0.847324269711526, 0.7497773275547437, 0.46346250252128335]
0.03220881798761253
[0.03220881798761253, 0.6111111111111112, 0.4444444444444444, 0.9444444444444444, 0.7777777777777778, 0.4444444444444444, 0.03220881798761253, 0.6641213531532393, 0.5123859480541637, 0.9726213419099485, 0.7869519692208802, 0.502276149307275]
EVAL: grail
47
0.11651241059879644
['rulen', 0.4832212309368042]
MODEL: rulen	 Other: nbf	 P: 0.5544466346247563
['grail', 1.0]
['nbf', 0.4192275854155066]
['r+g', 0.710554931701105]
['r+n', 0.4292290819182201]
['g+n', 0.8337032319152736]
[[17, 72, 79, 97, 83, 141, 80, 70, 68, 127, 132, 135, 130, 128, 30, 118], [142, 120, 69, 59, 62, 47, 92, 119, 13, 42, 33, 145, 28, 58, 27, 148], [114, 121, 74, 20, 16, 65, 126, 108, 82, 98, 84, 101, 40, 133, 107]]
0.2728420486232986
[0.5625, 0.2728420486232986, 0.625, 0.875, 0.6875, 0.875, 0.48345564566606514, 0.2728420486232986, 0.4271425391971039, 0.7492498721636325, 0.4024629453208763, 0.8167437891179565]
0.06452710892049127
[0.625, 0.06452710892049127, 0.5, 0.6875, 0.625, 0.875, 0.4970749832112782, 0.06452710892049127, 0.3951237081301018, 0.5743517634434409, 0.5526444522216662, 0.9228103265661767]
0.005211785162852914
[0.4, 0.005211785162852914, 0.4666666666666667, 0.4666666666666667, 0.4666666666666667, 0.7333333333333333, 0.28717308297983013, 0.005211785162852914, 0.29557374154191657, 0.3485425364025508, 0.29400539617519816, 0.6039523268475198]
EVAL: nbf
65
0.0006688499230769231
['rulen', 0.16772137799338457]
MODEL: rulen	 Other: grail	 P: 0.20833732429599236
['grail', 0.5117696289003089]
['nbf', 1.0]
['r+g', 0.21831166218844775]
['r+n', 0.3096633267966633]
['g+n', 0.5459168545226138]
[[30, 127, 148, 6, 80, 101, 9, 118, 88, 98, 17, 132, 13, 84, 100, 126, 27, 140, 105, 121, 145, 28], [58, 143, 136, 111, 68, 138, 139, 86, 110, 16, 21, 74, 85, 59, 107, 90, 79, 20, 5, 82, 47, 70], [69, 108, 142, 130, 141, 97, 119, 14, 135, 73, 83, 133, 120, 109, 65, 128, 57, 114, 72, 40, 62]]
0.0019199838636363633
[0.5454545454545454, 0.6818181818181818, 0.0019199838636363633, 0.5909090909090909, 0.8636363636363636, 0.9090909090909091, 0.15918639941221105, 0.512348032281048, 0.0019199838636363633, 0.21329054730455246, 0.30151657287839434, 0.5429339900939038]
5.0307999999999946e-05
[0.5909090909090909, 0.5454545454545454, 5.0307999999999946e-05, 0.45454545454545453, 0.7272727272727273, 0.6818181818181818, 0.47952521558111105, 0.5238611968456132, 5.0307999999999946e-05, 0.40121849407648885, 0.5736842866126478, 0.6687911555725818]
6.134476190476182e-06
[0.47619047619047616, 0.5238095238095238, 6.134476190476182e-06, 0.5238095238095238, 0.8571428571428571, 0.7619047619047619, 0.287399863379493, 0.21823573247220948, 6.134476190476182e-06, 0.29324504750667374, 0.7125690865056195, 0.4682978327019834]
Total non-zero secrets: 72
{128, 130, 3, 132, 133, 6, 135, 136, 9, 138, 139, 140, 141, 13, 14, 142, 145, 16, 17, 148, 20, 21, 143, 5, 27, 28, 30, 32, 33, 40, 42, 47, 55, 57, 58, 59, 62, 65, 68, 69, 70, 72, 73, 74, 79, 80, 82, 83, 84, 85, 86, 88, 90, 92, 97, 98, 100, 101, 102, 105, 107, 108, 109, 110, 111, 114, 118, 119, 120, 121, 126, 127}
rulen: 0.10982884400618352
grail: 0.07605671247421433
nbf: 0.0006038228472222221
